2 49
7183 49
7183 49
7183 49
7183 49
7183 49
7160 49
7160 49
7160 49
7160 49
7160 49
7160 49
7160 49
7160 49
7146 49
7146 49
7146 49
7146 49
7146 49
7146 49
6720 49
6720 49
7234 49
7098 49
7098 49
7098 49
7095 49
7095 49
7160 49
7256 49
7256 49
7256 49
7091 49
7091 49
7091 49
2 49
2 49
2 49
2 49
2 49
2 49
2 49
2 49
2 49
2 49
2 49
2 49
2 49
2 49
7126 49
7035 49
7035 49
7286 49
7203 49
7203 49
7203 49
7241 49
7241 49
7241 49
7241 49
7241 49
7241 49
7241 49
7158 49
7158 49
7158 49
7158 49
7158 49
7158 49
7184 49
7284 49
7284 49
7269 49
7135 49
7135 49
7135 49
7269 49
7284 49
7284 49
7284 49
7271 49
7271 49
7271 49
7284 49
7284 49
7271 49
7271 49
7271 49
7271 49
7271 49
7077 49
7077 49
7077 49
7077 49
7077 49
7077 49
7077 49
7077 49
7077 49
7159 49
7159 49
7159 49
7159 49
7159 49
7159 49
7159 49
7246 49
7269 49
7269 49
7269 49
7056 49
6720 49
7220 49
7220 49
7220 49
7220 49
7220 49
7220 49
7220 49
7282 49
7282 49
7282 49
7282 49
7282 49
7282 49
7282 49
7282 49
7282 49
7259 49
7259 49
7259 49
7259 49
7270 49
7104 49
7104 49
7049 49
7104 49
7104 49
7104 49
7104 49
7104 49
7104 49
7104 49
7233 49
7067 49
7067 49
7075 49
7067 49
7067 49
7075 49
2436 49
7067 49
7067 49
7067 49
7067 49
7067 49
7081 49
7081 49
7081 49
7055 49
7055 49
7075 49
7056 49
7056 49
7051 49
7051 49
7211 49
7211 49
7211 49
7211 49
7211 49
7211 49
7220 49
7220 49
7049 49
7071 49
7071 49
7071 49
7071 49
7071 49
7071 49
7051 49
7055 49
7269 49
7224 49
7224 49
6720 49
6720 49
7090 49
7147 49
7147 49
7147 49
7147 49
7147 49
7157 49
7157 49
7077 49
7128 49
7136 49
7136 49
7130 49
7135 49
7135 49
7135 49
7135 49
7135 49
2 49
2 49
2 49
2 49
2 49
2 49
7146 49
7269 49
7052 49
7052 49
7052 49
7160 49
7160 49
7160 49
7160 49
7160 49
7160 49
7160 49
7160 49
7160 49
7160 49
7269 49
7269 49
7269 49
7135 49
7269 49
7269 49
7135 49
7135 49
7135 49
7135 49
7111 49
7111 49
7071 49
7071 49
7071 49
7071 49
7071 49
7269 49
7099 49
7099 49
7099 49
7099 49
7099 49
7099 49
7099 49
7135 49
7135 49
7128 49
7174 49
7269 49
7177 49
7104 49
7104 49
7213 49
7213 49
7174 49
7174 49
7174 49
7128 49
7135 49
7135 49
7135 49
7135 49
7117 49
7117 49
7117 49
7117 49
7041 49
7041 49
7041 49
7160 49
7160 49
2436 49
2436 49
2436 49
2436 49
7221 49
7221 49
7277 49
7278 49
7277 49
7278 49
7275 49
7246 49
7275 49
7246 49
7269 49
7275 49
7269 49
7283 49
7283 49
7283 49
7246 49
7246 49
7283 49
7246 49
7269 49
7093 49
7093 49
7093 49
7136 49
7234 49
7055 49
7055 49